conv1.weight: 0.0
fc.weight: 0.014375
layer1.0.conv1.weight: 0.4079861111111111
layer1.0.conv2.weight: 0.3975694444444444
layer1.1.conv1.weight: 0.8038194444444444
layer1.1.conv2.weight: 0.8888888888888888
layer1.2.conv1.weight: 0.8854166666666666
layer1.2.conv2.weight: 0.9184027777777778
layer1.3.conv1.weight: 0.7430555555555556
layer1.3.conv2.weight: 0.8489583333333334
layer1.4.conv1.weight: 0.7482638888888888
layer1.4.conv2.weight: 0.8298611111111112
layer1.5.conv1.weight: 0.6979166666666666
layer1.5.conv2.weight: 0.8611111111111112
layer1.6.conv1.weight: 0.5399305555555556
layer1.6.conv2.weight: 0.7777777777777778
layer1.7.conv1.weight: 0.6666666666666666
layer1.7.conv2.weight: 0.8454861111111112
layer1.8.conv1.weight: 0.3211805555555556
layer1.8.conv2.weight: 0.8541666666666666
layer2.0.conv1.weight: 0.3211805555555556
layer2.0.conv2.weight: 0.6401909722222222
layer2.0.downsample.0.weight: 0.015625
layer2.1.conv1.weight: 0.8854166666666666
layer2.1.conv2.weight: 0.9774305555555556
layer2.2.conv1.weight: 0.8888888888888888
layer2.2.conv2.weight: 0.9769965277777778
layer2.3.conv1.weight: 0.8676215277777778
layer2.3.conv2.weight: 0.9765625
layer2.4.conv1.weight: 0.8489583333333334
layer2.4.conv2.weight: 0.9778645833333334
layer2.5.conv1.weight: 0.8598090277777778
layer2.5.conv2.weight: 0.99
layer2.6.conv1.weight: 0.8884548611111112
layer2.6.conv2.weight: 0.9874131944444444
layer2.7.conv1.weight: 0.8511284722222222
layer2.7.conv2.weight: 0.99
layer2.8.conv1.weight: 0.8259548611111112
layer2.8.conv2.weight: 0.9869791666666666
layer3.0.conv1.weight: 0.7100694444444444
layer3.0.conv2.weight: 0.7756076388888888
layer3.0.downsample.0.weight: 0.123046875
layer3.1.conv1.weight: 0.916015625
layer3.1.conv2.weight: 0.9549696180555556
layer3.2.conv1.weight: 0.8917100694444444
layer3.2.conv2.weight: 0.9616970486111112
layer3.3.conv1.weight: 0.8960503472222222
layer3.3.conv2.weight: 0.9685329861111112
layer3.4.conv1.weight: 0.8664279513888888
layer3.4.conv2.weight: 0.9801432291666666
layer3.5.conv1.weight: 0.8592664930555556
layer3.5.conv2.weight: 0.9855685763888888
layer3.6.conv1.weight: 0.8895399305555556
layer3.6.conv2.weight: 0.9888237847222222
layer3.7.conv1.weight: 0.9328342013888888
layer3.7.conv2.weight: 0.99
layer3.8.conv1.weight: 0.99
layer3.8.conv2.weight: 0.99
