conv1.weight: 0.11342592592592593
fc.weight: 0.17265624999999996
layer1.0.conv1.weight: 0.5303819444444444
layer1.0.conv2.weight: 0.5568576388888888
layer1.1.conv1.weight: 0.75390625
layer1.1.conv2.weight: 0.8151041666666666
layer1.2.conv1.weight: 0.8263888888888888
layer1.2.conv2.weight: 0.8233506944444444
layer1.3.conv1.weight: 0.7092013888888888
layer1.3.conv2.weight: 0.7825520833333334
layer1.4.conv1.weight: 0.7209201388888888
layer1.4.conv2.weight: 0.7330729166666667
layer1.5.conv1.weight: 0.6749131944444444
layer1.5.conv2.weight: 0.7738715277777778
layer1.6.conv1.weight: 0.6085069444444444
layer1.6.conv2.weight: 0.7096354166666667
layer1.7.conv1.weight: 0.6388888888888888
layer1.7.conv2.weight: 0.7478298611111112
layer1.8.conv1.weight: 0.4717881944444444
layer1.8.conv2.weight: 0.7495659722222222
layer2.0.conv1.weight: 0.47981770833333337
layer2.0.conv2.weight: 0.6199001736111112
layer2.0.downsample.0.weight: 0.15234375
layer2.1.conv1.weight: 0.7941623263888888
layer2.1.conv2.weight: 0.8694661458333334
layer2.2.conv1.weight: 0.7813585069444444
layer2.2.conv2.weight: 0.8665364583333334
layer2.3.conv1.weight: 0.7701822916666666
layer2.3.conv2.weight: 0.8832465277777778
layer2.4.conv1.weight: 0.7513020833333334
layer2.4.conv2.weight: 0.8882378472222222
layer2.5.conv1.weight: 0.7541232638888888
layer2.5.conv2.weight: 0.9035373263888888
layer2.6.conv1.weight: 0.7790798611111112
layer2.6.conv2.weight: 0.9063585069444444
layer2.7.conv1.weight: 0.7459852430555556
layer2.7.conv2.weight: 0.9203559027777778
layer2.8.conv1.weight: 0.7339409722222222
layer2.8.conv2.weight: 0.9163411458333334
layer3.0.conv1.weight: 0.6351996527777778
layer3.0.conv2.weight: 0.662841796875
layer3.0.downsample.0.weight: 0.3056640625
layer3.1.conv1.weight: 0.7928331163194444
layer3.1.conv2.weight: 0.8223198784722222
layer3.2.conv1.weight: 0.7491319444444444
layer3.2.conv2.weight: 0.8336317274305556
layer3.3.conv1.weight: 0.7474229600694444
layer3.3.conv2.weight: 0.8538953993055556
layer3.4.conv1.weight: 0.7225206163194444
layer3.4.conv2.weight: 0.8704698350694444
layer3.5.conv1.weight: 0.7205674913194444
layer3.5.conv2.weight: 0.885009765625
layer3.6.conv1.weight: 0.7346462673611112
layer3.6.conv2.weight: 0.8934733072916666
layer3.7.conv1.weight: 0.7929416232638888
layer3.7.conv2.weight: 0.9347873263888888
layer3.8.conv1.weight: 0.9320746527777778
layer3.8.conv2.weight: 0.9670952690972222
